[Inbound_Bridge_Melbourne01.mp4]
trafficupdown = True
referencelenght = 12.0
references = [(359, 450), (397, 318), (420, 239), (434, 186), (445, 150), (452, 123), (459, 101)]

[Inbound_Bridge_Melbourne04.mp4]
trafficupdown = True
referencelenght = 12.0
references = [(0.40260416666666665, 0.950925925925926), (0.425, 0.6361111111111111), (0.4375, 0.4583333333333333), (0.44583333333333336, 0.3416666666666667), (0.4505208333333333, 0.25925925925925924), (0.4557291666666667, 0.2), (0.4588541666666667, 0.15462962962962962), (0.4609375, 0.11944444444444445), (0.4630208333333333, 0.09074074074074075)]
roi = [(0.18020833333333333, 0.7972222222222223), (0.8598958333333333, 0.7805555555555556), (0.6046875, 0.08333333333333333), (0.3703125, 0.08333333333333333)]
detectorframe = [(0.18020833333333333, 0.08333333333333333), (0.8598958333333333, 0.7972222222222223)]

